1.0 0.0
0.25 0.0
0.234375 0.0181868675892
0.233333333333 0.0181868675892
0.232142857143 0.0182351662682
0.229166666667 0.0183317636263
0.227272727273 0.0186094810307
0.225 0.0191890651791
0.222222222222 0.019442633244
0.21875 0.0205800671352
0.216666666667 0.0216426380738
0.214285714286 0.0216909367529
0.211538461538 0.0239488999976
0.208333333333 0.0244343017218
0.206896551724 0.028213673356
0.205357142857 0.0282619720351
0.204545454545 0.0283102707141
0.203703703704 0.0294494295581
0.203125 0.0296667736137
0.202380952381 0.0299807150274
0.2 0.0301325108758
0.197368421053 0.037053711581
0.196428571429 0.0373483335231
0.194444444444 0.0376550301349
0.192307692308 0.0392706209485
0.191176470588 0.0399311053843
0.190476190476 0.0403295694863
0.1875 0.0403295694863
0.183333333333 0.0472142011916
0.181818181818 0.0482146738287
0.180555555556 0.0491685727395
0.18 0.0491685727395
0.179487179487 0.0493134687766
0.178571428571 0.0493134687766
0.176470588235 0.054381207674
0.175 0.0545261037111
0.173913043478 0.0569893363417
0.173076923077 0.0573081076233
0.171875 0.0581388449026
0.171052631579 0.0584527863163
0.170454545455 0.058718429051
0.169642857143 0.0592040032705
0.166666666667 0.0592040032705
0.161764705882 0.0736144316453
0.160714285714 0.0738197010312
0.16 0.0748339732908
0.159090909091 0.0748339732908
0.158333333333 0.0783644342327
0.157894736842 0.0783644342327
0.15625 0.0787425438914
0.154761904762 0.0865432449653
0.153846153846 0.0865432449653
0.152777777778 0.0881183790008
0.152173913043 0.0887509501615
0.15 0.0888378877838
0.148148148148 0.0983791350125
0.147727272727 0.0983791350125
0.147058823529 0.0984878070403
0.145833333333 0.0989583741703
0.145161290323 0.101681039705
0.144736842105 0.10190976845
0.144230769231 0.101942887544
0.142857142857 0.102434765682
0.141304347826 0.112078631922
0.140625 0.112247677299
0.14 0.113501085518
0.139705882353 0.113754653583
0.138888888889 0.113851250941
0.137931034483 0.119943870558
0.1375 0.120233662632
0.136363636364 0.120480330886
0.135416666667 0.124352656293
0.134615384615 0.124557925679
0.133928571429 0.127907534968
0.133333333333 0.128516098324
0.1328125 0.131259980778
0.132352941176 0.132000202465
0.131578947368 0.132314143879
0.130952380952 0.133167157175
0.130434782609 0.13340865057
0.13 0.133750363724
0.12962962963 0.134281649193
0.127450980392 0.134536942211
0.125 0.1347530788
0.121428571429 0.159381300121
0.121212121212 0.159483934814
0.120967741935 0.159737502879
0.120689655172 0.159737502879
0.12037037037 0.159952432
0.12 0.160519941479
0.119565217391 0.160481820022
0.119047619048 0.160984126284
0.118421052632 0.16151843042
0.117647058824 0.162755106597
0.116666666667 0.163537142709
0.116071428571 0.1654935842
0.115384615385 0.1654935842
0.114583333333 0.169783534029
0.114285714286 0.169813720703
0.114130434783 0.169813720703
0.113636363636 0.170145433314
0.113095238095 0.175021515332
0.112903225806 0.175142262029
0.1125 0.175551075848
0.112068965517 0.176706851738
0.111111111111 0.176851747775
0.110465116279 0.183392818536
0.110294117647 0.18363068953
0.11 0.18363068953
0.109756097561 0.183775585567
0.109375 0.183971195217
0.108974358974 0.185757733278
0.108695652174 0.185958172796
0.108333333333 0.186315583021
0.107954545455 0.1863638817
0.107142857143 0.186412180379
0.10625 0.192983767585
0.106060606061 0.193032066264
0.105769230769 0.193350032567
0.105263157895 0.193604635604
0.104838709677 0.194649439529
0.104166666667 0.194719472613
0.103658536585 0.20011653114
0.103448275862 0.200305125982
0.102941176471 0.200681855678
0.102564102564 0.201975506057
0.102272727273 0.202023804736
0.102040816327 0.202317937941
0.101851851852 0.202317937941
0.1015625 0.202552186534
0.101351351351 0.202565986157
0.1 0.202565986157
0.0988372093023 0.212674209999
0.0986842105263 0.212950547441
0.0984848484848 0.213504868871
0.0982142857143 0.214308236899
0.0978260869565 0.214772366819
0.0972222222222 0.214958301051
0.0969387755102 0.215708385729
0.0967741935484 0.215889505775
0.0961538461538 0.216121339435
0.0955882352941 0.218647275243
0.0952380952381 0.218615259611
0.0948275862069 0.21910812809
0.0945945945946 0.219271034663
0.09375 0.219296772775
0.0932203389831 0.226068645112
0.093023255814 0.226195429145
0.0928571428571 0.226476078969
0.0925925925926 0.225900393159
0.0923913043478 0.226043093802
0.0921052631579 0.226315981338
0.0916666666667 0.226262026905
0.0909090909091 0.225420516144
0.0902777777778 0.231231780074
0.09 0.230513273673
0.0897435897436 0.231233740026
0.0892857142857 0.231398968757
0.0887096774194 0.231881041302
0.0882352941176 0.232012764972
0.0878378378378 0.231435906567
0.0875 0.231435906567
0.0869565217391 0.23284530594
0.0865384615385 0.233980008656
0.0862068965517 0.235119310421
0.0859375 0.23540927499
0.0857142857143 0.235511674462
0.0855263157895 0.235511674462
0.0853658536585 0.235888509802
0.0852272727273 0.23597702961
0.085 0.235998039535
0.0846153846154 0.235998039535
0.0833333333333 0.23615984011
0.08203125 0.242800449387
0.0813953488372 0.243305860564
0.08125 0.243305860564
0.0810810810811 0.243277999963
0.0808823529412 0.242986900385
0.0806451612903 0.24270225322
0.0805084745763 0.242822654927
0.0803571428571 0.242830136722
0.08 0.242076299935
0.0797872340426 0.242030488921
0.0795454545455 0.242030488921
0.0792682926829 0.242417589641
0.0789473684211 0.242324158332
0.0785714285714 0.243141933975
0.078431372549 0.243488051342
0.078125 0.243597205127
0.0775862068966 0.243771378867
0.077380952381 0.244448932507
0.0769230769231 0.244666276562
0.0763888888889 0.246688974835
0.0760869565217 0.246215541773
0.0758928571429 0.247249098337
0.0757575757576 0.247399012418
0.0755813953488 0.247761548795
0.0754716981132 0.247761548795
0.075 0.247809847475
0.0744680851064 0.250037436837
0.0743243243243 0.250122761258
0.0740740740741 0.250267657295
0.0738636363636 0.250168621621
0.0735294117647 0.250163627476
0.0731707317073 0.249820457174
0.0729166666667 0.249819542426
0.0727272727273 0.248604890754
0.0725806451613 0.248748030475
0.0723684210526 0.249006993426
0.0722222222222 0.249387427348
0.0721153846154 0.249270014128
0.0720338983051 0.249517544859
0.0714285714286 0.249517544859
0.070652173913 0.246423693729
0.0705128205128 0.246006392024
0.0703125 0.245882803419
0.07 0.246425501
0.0698529411765 0.245078612314
0.0697674418605 0.245229545686
0.0694444444444 0.245368153486
0.0691489361702 0.246107268414
0.0689655172414 0.246068284481
0.06875 0.245750666984
0.0685483870968 0.24611265356
0.0681818181818 0.246260999503
0.0677083333333 0.246973573685
0.0675675675676 0.246933727275
0.0674603174603 0.246914602012
0.0673076923077 0.246928401634
0.0670731707317 0.24657733536
0.0666666666667 0.246547957536
0.0663265306122 0.245951498265
0.0661764705882 0.245951498265
0.0657894736842 0.246048093317
0.0655737704918 0.246518854359
0.0654761904762 0.246737923368
0.0652173913043 0.246929959092
0.065 0.246785193959
0.0648148148148 0.246787980421
0.0646551724138 0.24564805097
0.0645161290323 0.24560677168
0.0642857142857 0.244840344913
0.0641025641026 0.244956936787
0.0639534883721 0.244931915172
0.063829787234 0.244691007477
0.0637755102041 0.243515417277
0.0637254901961 0.243515417277
0.0636363636364 0.24364459653
0.0635593220339 0.242993954504
0.0634920634921 0.243187211946
0.0625 0.243411260399
0.0614754098361 0.230487545307
0.0614406779661 0.230393078289
0.0614035087719 0.230398094968
0.0612244897959 0.230157175842
0.0611111111111 0.2301660306
0.0609756097561 0.2301660306
0.0608108108108 0.229419967912
0.0607142857143 0.228555026562
0.0606060606061 0.228617511926
0.0604838709677 0.228530845695
0.0603448275862 0.228530845695
0.0601851851852 0.227474094302
0.06 0.227484444019
0.0597826086957 0.226636782368
0.0597014925373 0.226687495981
0.0595238095238 0.226634984384
0.0593220338983 0.225354353188
0.0592105263158 0.225475872488
0.0590909090909 0.224852858496
0.0590277777778 0.224738499632
0.0588235294118 0.224870899479
0.05859375 0.219696076488
0.0585106382979 0.219741225524
0.0584415584416 0.219812081279
0.0583333333333 0.219799829611
0.0582191780822 0.218583608153
0.0581395348837 0.218686282287
0.0580808080808 0.218754684508
0.0580357142857 0.219033132844
0.0579710144928 0.219123405481
0.0576923076923 0.219114953212
0.0573770491803 0.217464771778
0.0572916666667 0.216888516162
0.0571428571429 0.216888516162
0.0570652173913 0.21620508114
0.0570175438596 0.21620508114
0.0568181818182 0.21620508114
0.0566037735849 0.215668944115
0.0564516129032 0.215711114423
0.05625 0.214927170034
0.0561224489796 0.213951738943
0.0560344827586 0.213951738943
0.0559701492537 0.21355602896
0.0559210526316 0.21355602896
0.0555555555556 0.213358942864
0.0551948051948 0.205523844722
0.0551470588235 0.205538003301
0.0550847457627 0.205538003301
0.055 0.205538003301
0.0548780487805 0.205165745304
0.0547945205479 0.204940624558
0.0546875 0.205113636372
0.0545454545455 0.203870439281
0.054347826087 0.203870439281
0.0540540540541 0.203218245229
0.0539215686275 0.202690277213
0.0537974683544 0.202313666988
0.0535714285714 0.202313666988
0.0533333333333 0.201409848466
0.0532994923858 0.201409848466
0.0531914893617 0.20161957515
0.0530303030303 0.201665038383
0.0528846153846 0.200869957295
0.0528169014085 0.200899744886
0.0526315789474 0.200670775002
0.0524193548387 0.198822349958
0.0523255813953 0.198928033811
0.0522388059701 0.198147329587
0.0520833333333 0.198164254705
0.0518867924528 0.196690796471
0.051724137931 0.196777273823
0.0515873015873 0.195715620018
0.0514705882353 0.195768359646
0.0512820512821 0.194104390354
0.0512295081967 0.19394584598
0.0511363636364 0.193980484923
0.0510204081633 0.194034617794
0.0509259259259 0.194034617794
0.0508474576271 0.194034617794
0.05078125 0.193328125732
0.0507246376812 0.193328125732
0.0506329113924 0.193334195287
0.0503875968992 0.192658750184
0.0503144654088 0.192658750184
0.05 0.192675745765
0.0492957746479 0.173795116799
0.0492424242424 0.173795116799
0.0491803278689 0.173795116799
0.0491071428571 0.173795116799
0.0490196078431 0.173309483797
0.0489130434783 0.173508968761
0.0487804878049 0.172910093798
0.0486111111111 0.172898819499
0.0485074626866 0.172472192195
0.0483870967742 0.172445433413
0.0482456140351 0.172030454959
0.0480769230769 0.171549608017
0.0479452054795 0.1706391263
0.0478723404255 0.1706391263
0.0478142076503 0.170567949635
0.0477941176471 0.170556294572
0.0477528089888 0.170556294572
0.047619047619 0.170556294572
0.0474137931034 0.169107376258
0.0472972972973 0.168981912603
0.0471698113208 0.16861606388
0.0471014492754 0.16861606388
0.0470588235294 0.1685789397
0.046875 0.168579316683
0.046511627907 0.168329951081
0.0464285714286 0.168476417747
0.0462962962963 0.168476417747
0.0461538461538 0.166888421653
0.0460526315789 0.166886378911
0.0459183673469 0.166794926864
0.0458333333333 0.166420490181
0.0457746478873 0.166093997008
0.0457317073171 0.166093997008
0.0454545454545 0.166093997008
0.0452586206897 0.161743451493
0.0451388888889 0.161523349959
0.0450819672131 0.161523349959
0.045 0.161524758242
0.0448717948718 0.161765389004
0.044776119403 0.161620871456
0.0446428571429 0.161620871456
0.0445205479452 0.160811421449
0.0444444444444 0.160811421449
0.0443925233645 0.160484175582
0.0443262411348 0.160484175582
0.0442477876106 0.160484175582
0.0441176470588 0.160484175582
0.0438596491228 0.159935894517
0.04375 0.15993602825
0.0436507936508 0.159882188709
0.0434782608696 0.159882188709
0.0433673469388 0.160160857394
0.0433333333333 0.160161643523
0.0432692307692 0.160162036747
0.0432098765432 0.1601902042
0.0431034482759 0.1601902042
0.04296875 0.158317455794
0.0428571428571 0.15831771287
0.0426829268293 0.157298609342
0.0426136363636 0.157164600053
0.0425531914894 0.157163352898
0.0424528301887 0.156947421854
0.0423728813559 0.156643720285
0.0423076923077 0.156643720285
0.0422535211268 0.156643848785
0.0422077922078 0.156623014177
0.0416666666667 0.156623946975
0.0413793103448 0.125855835024
0.0411392405063 0.125855835024
0.041095890411 0.125701626448
0.0410447761194 0.125701626448
0.0409090909091 0.125701732792
0.0408163265306 0.125701124265
0.0406976744186 0.125566704872
0.0405405405405 0.125458989276
0.0404411764706 0.125034703576
0.0403225806452 0.125035234801
0.0402298850575 0.125041726446
0.0401785714286 0.125042044928
0.0401234567901 0.124738727587
0.04 0.124739046132
0.0398936170213 0.123602630665
0.0398550724638 0.123603159213
0.0397727272727 0.123603159213
0.0396825396825 0.122559076417
0.0394736842105 0.122559287777
0.0392857142857 0.122266999035
0.0392156862745 0.122266999035
0.0391791044776 0.122050286536
0.039156626506 0.122050286536
0.0390625 0.122050286536
0.0389908256881 0.122197843312
0.038961038961 0.122197843312
0.0388888888889 0.122197948759
0.0387931034483 0.122172382798
0.0387323943662 0.122172488247
0.0386904761905 0.122172593703
0.0384615384615 0.122172593703
0.0382352941176 0.119884919173
0.0381944444444 0.119884919173
0.0381355932203 0.119885129133
0.0380952380952 0.119885129133
0.0380434782609 0.119913736292
0.038 0.11935409568
0.0379746835443 0.11935409568
0.0378787878788 0.11935409568
0.0377358490566 0.11945017012
0.0376712328767 0.11945017012
0.0376344086022 0.11945185206
0.0375 0.11945185206
0.0373134328358 0.118700358621
0.0372340425532 0.118424333538
0.0371621621622 0.118424333538
0.037037037037 0.118424437416
0.0367647058824 0.117645992476
0.0366666666667 0.117458118962
0.0365853658537 0.117449207814
0.0364583333333 0.117648533254
0.0363636363636 0.117562834536
0.0362903225806 0.116994024274
0.0362745098039 0.116994230871
0.036231884058 0.116917355501
0.036036036036 0.116917665619
0.0357142857143 0.116917665619
0.0355113636364 0.0808870030653
0.0354330708661 0.0808874036008
0.0353260869565 0.0808874036008
0.0352564102564 0.0808874036008
0.0352112676056 0.0808874036008
0.03515625 0.0808874837219
0.0350877192982 0.0808874837219
0.035 0.0808875638478
0.0348837209302 0.0810959051944
0.0347222222222 0.0812071748209
0.0346153846154 0.0812255198712
0.0345744680851 0.0812426647457
0.0344827586207 0.0812426647457
0.0344036697248 0.0815193381944
0.0343137254902 0.0815678772766
0.0342465753425 0.0815679574203
0.0342105263158 0.0815679574203
0.034188034188 0.0815679574203
0.0340909090909 0.0815679574203
0.0339805825243 0.081397298665
0.0338983050847 0.081397298665
0.0337837837838 0.081397298665
0.0337078651685 0.0811201217791
0.0336538461538 0.0811201217791
0.0336134453782 0.081098863821
0.0335820895522 0.081098943752
0.0334645669291 0.081098943752
0.0333333333333 0.081098943752
0.0330882352941 0.0797753844053
0.0330188679245 0.0796470316467
0.032967032967 0.079647664004
0.0328947368421 0.079647664004
0.0327868852459 0.0795639312128
0.0327380952381 0.0795639312128
0.0326923076923 0.0795639312128
0.0326086956522 0.0795643264583
0.0325 0.0787832117454
0.0324074074074 0.0787832117454
0.0322580645161 0.0787832117454
0.0321428571429 0.0787230713014
0.0320512820513 0.0787234971798
0.032 0.0787244775086
0.031976744186 0.0787244775086
0.031914893617 0.0787248736924
0.0318181818182 0.0786168357895
0.031746031746 0.0786171529586
0.0316901408451 0.0785303003206
0.0316455696203 0.0785304586146
0.0316091954023 0.0785304586146
0.0315533980583 0.0785304586146
0.0315315315315 0.0785304586146
0.031512605042 0.0785304586146
0.03125 0.0785304586146
0.031007751938 0.0532909096195
0.0309278350515 0.0532909096195
0.0308988764045 0.0532909096195
0.0308823529412 0.0532910501607
0.0308641975309 0.0532910501607
0.0308219178082 0.0532612149018
0.0307692307692 0.0532612149018
0.030737704918 0.0532612149018
0.030701754386 0.0532612149018
0.030612244898 0.0532614257939
0.0305555555556 0.0531897513209
0.030487804878 0.0531897513209
0.0304054054054 0.0531910180533
0.030303030303 0.0531910180533
0.0301724137931 0.0531912155068
0.0301418439716 0.0531912859026
0.0301204819277 0.0531914267049
0.03 0.0531914267049
0.0298913043478 0.053173797973
0.0298507462687 0.053173797973
0.0297619047619 0.053173797973
0.0297202797203 0.0530661836998
0.029702970297 0.0530661836998
0.0296610169492 0.0530661836998
0.0296052631579 0.0530662542453
0.0295138888889 0.0530662542453
0.0294117647059 0.0530662542453
0.0293103448276 0.0516854630118
0.0292207792208 0.0516854630118
0.0291666666667 0.0516854630118
0.0290697674419 0.0516856750021
0.0290178571429 0.0515782048557
0.0289855072464 0.0515782048557
0.0289634146341 0.0515782755865
0.0288461538462 0.0515782755865
0.0286885245902 0.0512203480705
0.0285714285714 0.0512203480705
0.0284810126582 0.0511082077476
0.0284090909091 0.0511082077476
0.0283018867925 0.0511089142012
0.0282258064516 0.051109126206
0.0281690140845 0.051109126206
0.028125 0.051109126206
0.0280898876404 0.0511092675601
0.028 0.0511092675601
0.0277777777778 0.0511092675601
0.0276073619632 0.0331172121786
0.0275229357798 0.0331172779244
0.0275 0.0331172779244
0.0274725274725 0.0331172779244
0.0274390243902 0.0331172779244
0.027397260274 0.0331172779244
0.02734375 0.0331172779244
0.0272727272727 0.0331172779244
0.0272277227723 0.0331172779244
0.0271739130435 0.0331172779244
0.0271084337349 0.0331172779244
0.027027027027 0.0331172779244
0.0269607843137 0.0330697026522
0.0269230769231 0.0330697026522
0.0267857142857 0.0330697026522
0.0266666666667 0.0326095650555
0.0266393442623 0.0326096964275
0.0265957446809 0.0326096964275
0.0265625 0.0323932065877
0.0265486725664 0.0323932065877
0.0265151515152 0.0323932065877
0.0264705882353 0.032393272318
0.0264423076923 0.032393272318
0.0263157894737 0.032393272318
0.0261627906977 0.0322998336007
0.0261194029851 0.0322998336007
0.0260869565217 0.0322998336007
0.0260416666667 0.0322998336007
0.025974025974 0.032251864351
0.0258620689655 0.0322519961441
0.0257352941176 0.0320135926926
0.0257009345794 0.0320135926926
0.025641025641 0.0320135926926
0.0255681818182 0.0320139879325
0.0255102040816 0.0320139879325
0.0254237288136 0.0318235782893
0.0253623188406 0.0318237760002
0.0253164556962 0.0318237760002
0.0252808988764 0.0318237760002
0.0252525252525 0.0318237760002
0.0252403846154 0.0318237760002
0.025 0.0318240396573
0.0248447204969 0.0230455232505
0.0248344370861 0.0230455232505
0.0248226950355 0.0230455232505
0.0247747747748 0.0230455232505
0.0247252747253 0.0230455232505
0.0246913580247 0.0230455232505
0.0246478873239 0.0230455232505
0.0245901639344 0.0230455232505
0.0245535714286 0.0230460385928
0.0245098039216 0.0230460385928
0.0243902439024 0.0230460385928
0.0243055555556 0.0230462963332
0.0242718446602 0.0230462963332
0.0241935483871 0.0230462963332
0.0240963855422 0.0230471987885
0.0240384615385 0.0230471987885
0.024 0.0230173345567
0.0239726027397 0.0230173345567
0.0239130434783 0.0230173345567
0.0238095238095 0.0230173345567
0.0236842105263 0.0226930830407
0.0236486486486 0.0226930830407
0.0235849056604 0.0226930830407
0.0235294117647 0.0226931476077
0.0234375 0.0226931476077
0.0233644859813 0.0226939226368
0.0233333333333 0.0226939226368
0.0232558139535 0.0226939226368
0.0231481481481 0.0226939226368
0.0230769230769 0.0226939872413
0.0230496453901 0.0226939872413
0.0230263157895 0.0226939872413
0.0229885057471 0.0226939872413
0.0229591836735 0.0226939872413
0.0229357798165 0.0226939872413
0.0228873239437 0.0226939872413
0.0227272727273 0.0226939872413
0.0225409836066 0.0174625647693
0.0225 0.0174625647693
0.0224719101124 0.0174625647693
0.0224358974359 0.0174625647693
0.0223880597015 0.0174625647693
0.0223214285714 0.0174625647693
0.0222772277228 0.0174625647693
0.0222222222222 0.0174625647693
0.0221518987342 0.0174626278328
0.0221238938053 0.0174626278328
0.0220588235294 0.0174626278328
0.022 0.0175233796206
0.021978021978 0.0175233796206
0.0219298245614 0.0175234427035
0.021875 0.0175234427035
0.0218446601942 0.0175234427035
0.0218253968254 0.0175234427035
0.0217391304348 0.0175234427035
0.0216535433071 0.0175237581593
0.0216049382716 0.017523947466
0.0215517241379 0.017523947466
0.0215231788079 0.017523947466
0.0215053763441 0.017523947466
0.0214285714286 0.017523947466
0.0213414634146 0.0175241367976
0.0213178294574 0.0175241367976
0.0213004484305 0.0175241367976
0.0212765957447 0.0175241367976
0.021186440678 0.0174160960551
0.0211267605634 0.0174160960551
0.0210843373494 0.0174160960551
0.0210526315789 0.0174160960551
0.0209677419355 0.0174161591988
0.0208333333333 0.0174161591988
0.0206611570248 0.0138319759628
0.020618556701 0.0138319759628
0.0205882352941 0.0138319759628
0.0205479452055 0.0138319759628
0.0204918032787 0.0138319759628
0.0204545454545 0.0138319759628
0.0204081632653 0.0138319759628
0.0203488372093 0.0138320385246
0.0202702702703 0.0138320385246
0.020202020202 0.0138323513744
0.0201612903226 0.0138323513744
0.0201149425287 0.0138323513744
0.0200892857143 0.0138323513744
0.02 0.0138323513744
0.0199115044248 0.0136666983865
0.0198863636364 0.0136666983865
0.0198675496689 0.0136666983865
0.0198412698413 0.0136666983865
0.019801980198 0.0136666983865
0.0197368421053 0.0136666983865
0.0196629213483 0.0136675114134
0.0196078431373 0.0136675114134
0.01953125 0.0136675114134
0.0195035460993 0.0136675114134
0.0194805194805 0.0136675114134
0.0194444444444 0.0136675114134
0.0194174757282 0.0136675114134
0.0193661971831 0.0136675114134
0.0192307692308 0.0136675114134
0.0191082802548 0.0123320269126
0.0190972222222 0.0123320269126
0.0190677966102 0.0123320269126
0.0190476190476 0.0123320269126
0.0190217391304 0.0123320269126
0.0189873417722 0.0123320269126
0.0189393939394 0.0123322138509
0.0188679245283 0.012332276169
0.0188356164384 0.012332276169
0.0188172043011 0.012332276169
0.01875 0.012332276169
0.018691588785 0.0123324631395
0.0186567164179 0.0123324631395
0.0186170212766 0.0123321944506
0.0185185185185 0.0123321944506
0.0184426229508 0.0123326306093
0.0184210526316 0.0123326306093
0.0183823529412 0.0123326306093
0.0183615819209 0.0123326306093
0.0183486238532 0.0123326306093
0.0183333333333 0.0123326306093
0.0182926829268 0.0123326306093
0.0182291666667 0.0123326929285
0.0182119205298 0.0123326929285
0.0181818181818 0.0123326929285
0.018115942029 0.0123326929285
0.0180722891566 0.0123326929285
0.0180555555556 0.0123326929285
0.0180412371134 0.0123326929285
0.018018018018 0.0123326929285
0.0178571428571 0.0123326929285
0.0177514792899 0.0116030233343
0.0177304964539 0.0116030233343
0.0176991150442 0.0116030233343
0.0176767676768 0.0116030233343
0.0176470588235 0.0116030233343
0.0176056338028 0.0116030233343
0.0175438596491 0.0116030233343
0.0174418604651 0.0116030233343
0.0174050632911 0.0116030855159
0.0173913043478 0.0116030855159
0.0173611111111 0.0116030855159
0.0173410404624 0.0116030855159
0.0173267326733 0.0116030855159
0.0172413793103 0.0116030855159
0.0171755725191 0.011603209887
0.0171568627451 0.011603209887
0.0171232876712 0.011603209887
0.017094017094 0.011603209887
0.0170454545455 0.011603209887
0.0169902912621 0.0116033342688
0.0169491525424 0.0116033342688
0.0168918918919 0.0116033342688
0.0168539325843 0.0116033342688
0.0168269230769 0.0116033342688
0.0167785234899 0.0116033342688
0.0166666666667 0.0116033342688
0.0165441176471 0.0114275141669
0.0165289256198 0.0114275141669
0.0165094339623 0.0114275141669
0.0164835164835 0.0114275141669
0.0164473684211 0.0114275141669
0.016393442623 0.0114275141669
0.0163551401869 0.0114275141669
0.016339869281 0.0114275141669
0.0163043478261 0.0114275141669
0.0162337662338 0.011427638243
0.0162037037037 0.0114277623298
0.0161290322581 0.0114277623298
0.0160550458716 0.0114277623298
0.0160256410256 0.0114277623298
0.0159574468085 0.0114277623298
0.015923566879 0.0114280105354
0.0159090909091 0.0114280105354
0.015873015873 0.0114280105354
0.0158227848101 0.0114280105354
0.0157894736842 0.0114280105354
0.0157657657658 0.0114280105354
0.0157480314961 0.0114280105354
0.0157342657343 0.0114280105354
0.015625 0.0114280105354
0.015503875969 0.0107641562686
0.0154867256637 0.0107641562686
0.0154639175258 0.0107641562686
0.0154320987654 0.0107641562686
0.0154109589041 0.0107641562686
0.0153846153846 0.0107641562686
0.015350877193 0.0107641562686
0.015306122449 0.0107641562686
0.0152671755725 0.0107642182618
0.015243902439 0.0107642182618
0.0152027027027 0.0107642182618
0.0151515151515 0.0107642182618
0.0151006711409 0.0107642182618
0.0150862068966 0.0107642182618
0.0150602409639 0.0107642182618
0.015037593985 0.0107642182618
0.015 0.0107642182618
0.0149253731343 0.0107644042574
0.0149006622517 0.0107644042574
0.014880952381 0.0107644042574
0.0148514851485 0.0107644042574
0.0148305084746 0.0107644042574
0.0148148148148 0.0107644042574
0.0147928994083 0.0107644042574
0.0147058823529 0.0107644042574
0.0146103896104 0.0106210409423
0.0145833333333 0.0106210409423
0.0145631067961 0.0106210409423
0.0145348837209 0.0106210409423
0.0145161290323 0.0106210409423
0.0144927536232 0.0106210409423
0.0144230769231 0.0106210409423
0.014367816092 0.0106211646926
0.0143442622951 0.0106211646926
0.0143229166667 0.0106211646926
0.0142857142857 0.0106211646926
0.0142405063291 0.0106211646926
0.0142276422764 0.0106211646926
0.0142045454545 0.0106211646926
0.0141843971631 0.0106211646926
0.0141509433962 0.0106211646926
0.0141242937853 0.0106211646926
0.0141129032258 0.0106211646926
0.0140845070423 0.0106211646926
0.0140449438202 0.0106211646926
0.0140186915888 0.0106212265718
0.014 0.0106212265718
0.013986013986 0.0106212265718
0.0139751552795 0.0106212265718
0.0138888888889 0.0106212265718
0.0137931034483 0.0104035554421
0.0137614678899 0.0104035554421
0.0137362637363 0.0104035554421
0.0137195121951 0.0104035554421
0.013698630137 0.0104035554421
0.013671875 0.0104035554421
0.0136363636364 0.0104035554421
0.0135869565217 0.0104035554421
0.0135658914729 0.0104035554421
0.0135542168675 0.0104035554421
0.0135135135135 0.0104035554421
0.0134730538922 0.0104035554421
0.0134615384615 0.0104035554421
0.0134408602151 0.0104035554421
0.0133928571429 0.0104035554421
0.0133333333333 0.0104036172681
0.0132978723404 0.0104036172681
0.0132743362832 0.0104036172681
0.0132575757576 0.0104036172681
0.0132450331126 0.0104036172681
0.0131578947368 0.0104036172681
0.0130813953488 0.0103730209903
0.0130718954248 0.0103730209903
0.0130597014925 0.0103730209903
0.0130434782609 0.0103730209903
0.0130208333333 0.0103730209903
0.012987012987 0.0103730209903
0.012962962963 0.0103730209903
0.0129310344828 0.0103730209903
0.0128865979381 0.0103730209903
0.0128676470588 0.0103730209903
0.0128205128205 0.0103730209903
0.0127551020408 0.0103730209903
0.0127388535032 0.0103730209903
0.0127118644068 0.0103730209903
0.0126582278481 0.0103730209903
0.0126404494382 0.0103730209903
0.0126262626263 0.0103730209903
0.0126050420168 0.0103730209903
0.0125786163522 0.0103730209903
0.0125 0.0103730209903
0.0124113475177 0.0100585491877
0.0123762376238 0.0100585491877
0.0123456790123 0.0100585491877
0.0122950819672 0.0100585491877
0.0122549019608 0.0100585491877
0.0121951219512 0.0100585491877
0.0121527777778 0.0100585491877
0.0121359223301 0.0100585491877
0.0120967741935 0.0100585491877
0.0120689655172 0.0100585491877
0.0120481927711 0.0100585491877
0.0120192307692 0.0100585491877
0.012 0.0100585491877
0.0119680851064 0.0100585491877
0.0119047619048 0.0100585491877
0.011811023622 0.0100582833381
0.0117924528302 0.0100582833381
0.011780104712 0.0100582833381
0.0117647058824 0.0100582833381
0.011744966443 0.0100582833381
0.01171875 0.0100582833381
0.0116959064327 0.0100583450068
0.0116822429907 0.0100583450068
0.0116666666667 0.0100583450068
0.0116279069767 0.0100583450068
0.0115894039735 0.0100584066781
0.0115740740741 0.0100584066781
0.0115606936416 0.0100584066781
0.0115384615385 0.0100584066781
0.0115131578947 0.0100584066781
0.0114942528736 0.0100584066781
0.0114678899083 0.0100584066781
0.0114379084967 0.0100584066781
0.0114285714286 0.0100584066781
0.0113636363636 0.0100584066781
0.0112903225806 0.0100258462952
0.0112781954887 0.0100258462952
0.0112612612613 0.0100258462952
0.0112359550562 0.0100258462952
0.0112179487179 0.0100258462952
0.0111940298507 0.0100258462952
0.0111607142857 0.0100258462952
0.0111464968153 0.0100258462952
0.0111111111111 0.0100258462952
0.0110619469027 0.0100258462952
0.0110294117647 0.0100258462952
0.0110062893082 0.0100258462952
0.010989010989 0.0100258462952
0.0109649122807 0.0100258462952
0.0109489051095 0.0100258462952
0.0109375 0.0100258462952
0.0108695652174 0.0100258462952
0.0108024691358 0.0100259078214
0.0107913669065 0.0100259078214
0.010775862069 0.0100259078214
0.010752688172 0.0100259078214
0.010736196319 0.0100259078214
0.0107142857143 0.0100259078214
0.0106837606838 0.0100259078214
0.0106382978723 0.0100259078214
0.010593220339 0.0100259078214
0.010582010582 0.0100259078214
0.0105633802817 0.0100259078214
0.0105421686747 0.0100259078214
0.0105263157895 0.0100259078214
0.0105042016807 0.0100259078214
0.0104961832061 0.0100259078214
0.0104895104895 0.0100259078214
0.0104166666667 0.0100259078214
0.0103550295858 0.0100253171458
0.0103448275862 0.0100253171458
0.0103305785124 0.0100253171458
0.0103092783505 0.0100253171458
0.0102739726027 0.0100253171458
0.0102459016393 0.0100253171458
0.0102040816327 0.0100253171458
0.010162601626 0.0100253171458
0.0101351351351 0.0100253171458
0.0101156069364 0.0100253171458
0.010101010101 0.0100253171458
0.0100806451613 0.0100253171458
0.010067114094 0.0100253171458
0.01 0.0100253171458
0.00993377483444 0.0100251542506
0.00990099009901 0.0100251542506
0.00988700564972 0.0100251542506
0.00986842105263 0.0100251542506
0.00984251968504 0.0100251542506
0.00980392156863 0.0100251542506
0.009765625 0.0100251542506
0.00974025974026 0.0100251542506
0.00970873786408 0.0100251542506
0.00968992248062 0.0100251542506
0.00967741935484 0.0100251542506
0.00961538461538 0.0100251542506
0.00954198473282 0.0100251542506
0.00952380952381 0.0100251542506
0.00949367088608 0.0100251542506
0.0094696969697 0.0100251542506
0.00945945945946 0.0100251542506
0.00943396226415 0.0100251542506
0.0093984962406 0.0100251542506
0.009375 0.0100251542506
0.00934579439252 0.0100251542506
0.00925925925926 0.0100251542506
0.00920245398773 0.00989796485323
0.00919117647059 0.00989796485323
0.00917431192661 0.00989796485323
0.00914634146341 0.00989796485323
0.00912408759124 0.00989796485323
0.00909090909091 0.00989796485323
0.00905797101449 0.00989796485323
0.00903614457831 0.00989796485323
0.00900900900901 0.00989796485323
0.0089928057554 0.00989796485323
0.00898203592814 0.00989796485323
0.00892857142857 0.00989796485323
0.00887573964497 0.00981039862243
0.00886524822695 0.00981039862243
0.00884955752212 0.00981039862243
0.00882352941176 0.00981039862243
0.00880281690141 0.00981039862243
0.00877192982456 0.00981039862243
0.00874125874126 0.00981039862243
0.00872093023256 0.00981039862243
0.00869565217391 0.00981039862243
0.00868055555556 0.00981039862243
0.00862068965517 0.00981039862243
0.00856164383562 0.0098102362425
0.00854700854701 0.0098102362425
0.00852272727273 0.0098102362425
0.00850340136054 0.0098102362425
0.00847457627119 0.0098102362425
0.00844594594595 0.0098102362425
0.00842696629213 0.0098102362425
0.00840336134454 0.0098102362425
0.00838926174497 0.0098102362425
0.00837988826816 0.0098102362425
0.00833333333333 0.0098102362425
0.00827814569536 0.0098102362425
0.00826446280992 0.0098102362425
0.00824175824176 0.0098102362425
0.00822368421053 0.0098102362425
0.00819672131148 0.0098102362425
0.00817757009346 0.0098102362425
0.00816993464052 0.0098102362425
0.00815217391304 0.0098102362425
0.00813008130081 0.0098102362425
0.00811688311688 0.0098102362425
0.00806451612903 0.0098102362425
0.00802139037433 0.0098102362425
0.00801282051282 0.0098102362425
0.008 0.0098102362425
0.00797872340426 0.0098102362425
0.00796178343949 0.0098102362425
0.00793650793651 0.0098102362425
0.00789473684211 0.0098102362425
0.00787401574803 0.0098102362425
0.0078125 0.0098102362425
0.0077519379845 0.00981007392458
0.00773195876289 0.00981007392458
0.00769230769231 0.00981007392458
0.00766871165644 0.00981007392458
0.00765306122449 0.00981007392458
0.00763358778626 0.00981007392458
0.00762195121951 0.00981007392458
0.00757575757576 0.00981007392458
0.00751879699248 0.00980997295987
0.0075 0.00980997295987
0.00748502994012 0.00980997295987
0.00746268656716 0.00980997295987
0.00742574257426 0.00980997295987
0.00740740740741 0.00980997295987
0.00739644970414 0.00980997295987
0.00735294117647 0.00980997295987
0.00728155339806 0.00980997295987
0.00726744186047 0.00980997295987
0.00724637681159 0.00980997295987
0.00721153846154 0.00980997295987
0.00714285714286 0.00980997295987
0.00709219858156 0.00980997295987
0.00707547169811 0.00980997295987
0.00706214689266 0.00980997295987
0.00704225352113 0.00980997295987
0.00702247191011 0.00980997295987
0.00700934579439 0.00980997295987
0.00699300699301 0.00980997295987
0.00694444444444 0.00980997295987
0.00690607734807 0.00981003425371
0.00689655172414 0.00981003425371
0.00688073394495 0.00981003425371
0.00684931506849 0.00981003425371
0.0068306010929 0.00981003425371
0.00681818181818 0.00981003425371
0.00680272108844 0.00981003425371
0.00675675675676 0.00981003425371
0.00671140939597 0.00981003425371
0.00669642857143 0.00981003425371
0.00666666666667 0.00981003425371
0.00663716814159 0.00981003425371
0.00662251655629 0.00981003425371
0.00657894736842 0.0097666753077
0.00653594771242 0.0097666753077
0.00652173913043 0.0097666753077
0.00649350649351 0.0097666753077
0.00646551724138 0.0097666753077
0.00645161290323 0.0097666753077
0.00641025641026 0.0097666753077
0.00636942675159 0.0097666753077
0.00635593220339 0.0097666753077
0.00632911392405 0.0097666753077
0.0063025210084 0.0097666753077
0.0062893081761 0.0097666753077
0.00625 0.0097666753077
0.00621118012422 0.0097666753077
0.00619834710744 0.0097666753077
0.00617283950617 0.0097666753077
0.00614754098361 0.0097666753077
0.00613496932515 0.0097666753077
0.00609756097561 0.0097666753077
0.00604838709677 0.0097666753077
0.00602409638554 0.0097666753077
0.006 0.0097666753077
0.0059880239521 0.0097666753077
0.00595238095238 0.0097666753077
0.00591715976331 0.0097666753077
0.00590551181102 0.0097666753077
0.00589622641509 0.0097666753077
0.00588235294118 0.0097666753077
0.005859375 0.0097666753077
0.00584795321637 0.0097666753077
0.00581395348837 0.0097666753077
0.00576923076923 0.00976651337884
0.00574712643678 0.00976651337884
0.00572519083969 0.00976651337884
0.00571428571429 0.00976651337884
0.00568181818182 0.00976651337884
0.00563909774436 0.00976651337884
0.00561797752809 0.00976651337884
0.00559701492537 0.00976651337884
0.00555555555556 0.00976651337884
0.00552486187845 0.00976651337884
0.00551470588235 0.00976651337884
0.00549450549451 0.00976651337884
0.00547445255474 0.00976651337884
0.0054347826087 0.00976651337884
0.00539568345324 0.00976651337884
0.00537634408602 0.00976651337884
0.00535714285714 0.00976651337884
0.00531914893617 0.00976651337884
0.00528169014085 0.00976651337884
0.00526315789474 0.00976651337884
0.00524475524476 0.00976651337884
0.00520833333333 0.00976651337884
0.0051724137931 0.00976651337884
0.00515463917526 0.00976651337884
0.00513698630137 0.00976651337884
0.00510204081633 0.00976651337884
0.00506756756757 0.00976651337884
0.00505050505051 0.00976651337884
0.00503355704698 0.00976651337884
0.005 0.00976651337884
0.00496688741722 0.00976651337884
0.0049504950495 0.00976651337884
0.00493421052632 0.00976651337884
0.00490196078431 0.00976651337884
0.00487012987013 0.00976651337884
0.00485436893204 0.00976651337884
0.00483870967742 0.00976651337884
0.00480769230769 0.00976651337884
0.00477707006369 0.00976651337884
0.0047619047619 0.00976651337884
0.00474683544304 0.00976651337884
0.00471698113208 0.00976651337884
0.0046875 0.00976651337884
0.00467289719626 0.00976651337884
0.00465838509317 0.00976651337884
0.0046511627907 0.00976651337884
0.00462962962963 0.00976651337884
0.00460122699387 0.00976651337884
0.0045871559633 0.00976651337884
0.00457317073171 0.00976651337884
0.00456621004566 0.00976651337884
0.00454545454545 0.00976651337884
0.00451807228916 0.00976651337884
0.0045045045045 0.00976651337884
0.00449101796407 0.00976651337884
0.00446428571429 0.00976651337884
0.00442477876106 0.00976651337884
0.00441176470588 0.00976651337884
0.00438596491228 0.00976651337884
0.00436046511628 0.00976651337884
0.00434782608696 0.00976651337884
0.00433526011561 0.00976651337884
0.00431034482759 0.00976651337884
0.00428571428571 0.00976651337884
0.0042735042735 0.00976651337884
0.00426136363636 0.00976651337884
0.00423728813559 0.00976651337884
0.00421348314607 0.00976651337884
0.00420168067227 0.00976651337884
0.00416666666667 0.00976651337884
0.00414364640884 0.00976651337884
0.00413223140496 0.00976651337884
0.00409836065574 0.00976651337884
0.00407608695652 0.00976651337884
0.00406504065041 0.00976651337884
0.00403225806452 0.00976651337884
0.00401069518717 0.00976651337884
0.004 0.00976651337884
0.00396825396825 0.00976651337884
0.00394736842105 0.00976651337884
0.00393700787402 0.00976651337884
0.00392670157068 0.00976651337884
0.00390625 0.00976651337884
0.00387596899225 0.00976651337884
0.00384615384615 0.00976651337884
0.00381679389313 0.00976651337884
0.00378787878788 0.00976651337884
0.00375939849624 0.00976651337884
0.00373134328358 0.00976651337884
0.0037037037037 0.00976651337884
0.00367647058824 0.00976651337884
0.00365853658537 0.00976651337884
0.0036496350365 0.00976651337884
0.0036231884058 0.00976651337884
0.00359712230216 0.00976651337884
0.00357142857143 0.00976651337884
0.00354609929078 0.00976651337884
0.00352112676056 0.00976651337884
0.0034965034965 0.00976651337884
0.00347222222222 0.00976651337884
0.00345622119816 0.00976651337884
0.00344827586207 0.00976651337884
0.00342465753425 0.00976651337884
0.00340909090909 0.00976651337884
0.00340136054422 0.00976651337884
0.00337837837838 0.00976651337884
0.00335570469799 0.00976651337884
0.00333333333333 0.00976651337884
0.00331125827815 0.00976651337884
0.00330396475771 0.00976651337884
0.00328947368421 0.00976651337884
0.00326797385621 0.00976651337884
0.00324675324675 0.00976651337884
0.00323275862069 0.00976651337884
0.00322580645161 0.00976651337884
0.00320512820513 0.00976651337884
0.0031847133758 0.00976651337884
0.00316455696203 0.00976651337884
0.00314465408805 0.00976651337884
0.003125 0.00976651337884
0.00310559006211 0.00976651337884
0.00308641975309 0.00976651337884
0.00306748466258 0.00976651337884
0.0030487804878 0.00976651337884
0.0030303030303 0.00976651337884
0.00301204819277 0.00976651337884
0.00299401197605 0.00976651337884
0.00297619047619 0.00976651337884
0.00295857988166 0.00976651337884
0.00294117647059 0.00976651337884
0.00292397660819 0.00976651337884
0.00290697674419 0.00976651337884
0.0028901734104 0.00976651337884
0.00287356321839 0.00976651337884
0.00285714285714 0.00976651337884
0.00284090909091 0.00976651337884
0.00282485875706 0.00976651337884
0.00280898876404 0.00976651337884
0.00279329608939 0.00976651337884
0.00277777777778 0.00976651337884
0.00276243093923 0.00976651337884
0.00274725274725 0.00976651337884
0.00271739130435 0.00976651337884
0.00268817204301 0.00976651337884
0.00267379679144 0.00976651337884
0.00265957446809 0.00976651337884
0.0026455026455 0.00976651337884
0.00263157894737 0.00976651337884
0.00261780104712 0.00976651337884
0.00260416666667 0.00976651337884
0.00257731958763 0.00976651337884
0.0025641025641 0.00976651337884
0.00255102040816 0.00976651337884
0.00252525252525 0.00976651337884
0.0025 0.00976651337884
0.00247524752475 0.00976651337884
0.00245098039216 0.00976651337884
0.00242718446602 0.00976651337884
0.00240384615385 0.00976651337884
0.00238095238095 0.00976651337884
0.00235849056604 0.00976651337884
0.00233644859813 0.00976651337884
0.00231481481481 0.00976651337884
0.00229357798165 0.00976651337884
0.00227272727273 0.00976651337884
0.00226244343891 0.00976651337884
0.00225225225225 0.00976651337884
0.00224215246637 0.00976651337884
0.00223214285714 0.00976651337884
0.00221238938053 0.00976651337884
0.00219298245614 0.00976651337884
0.00217391304348 0.00976651337884
0.00215517241379 0.00976651337884
0.00213675213675 0.00976651337884
0.0021186440678 0.00976651337884
0.00210084033613 0.00976651337884
0.00208333333333 0.00976651337884
0.00206611570248 0.00976651337884
0.00204918032787 0.00976651337884
0.0020325203252 0.00976651337884
0.00201612903226 0.00976651337884
0.002 0.00976651337884
0.00198412698413 0.00976651337884
0.00196850393701 0.00976651337884
0.001953125 0.00976651337884
0.00193798449612 0.00976651337884
0.00192307692308 0.00976651337884
0.00191570881226 0.00976651337884
0.00190839694656 0.00976651337884
0.00189393939394 0.00976651337884
0.00187969924812 0.00976651337884
0.00186567164179 0.00976651337884
0.00185185185185 0.00976651337884
0.00183823529412 0.00976651337884
0.00182481751825 0.00976651337884
0.0018115942029 0.00976651337884
0.00179856115108 0.00976651337884
0.00178571428571 0.00976651337884
0.00177304964539 0.00976651337884
0.00176056338028 0.00976651337884
0.00174825174825 0.00976651337884
0.00173611111111 0.00976651337884
0.00172413793103 0.00976651337884
0.00171232876712 0.00976651337884
0.00170068027211 0.00976651337884
0.00168918918919 0.00976651337884
0.00167785234899 0.00976651337884
0.00166666666667 0.00976651337884
0.00165562913907 0.00976651337884
0.00164473684211 0.00976651337884
0.0016339869281 0.00976651337884
0.00162337662338 0.00976651337884
0.00161290322581 0.00976651337884
0.00160256410256 0.00976651337884
0.0015923566879 0.00976651337884
0.00158227848101 0.00976651337884
0.00157232704403 0.00976651337884
0.0015625 0.00976651337884
0.00155279503106 0.00976651337884
0.00154320987654 0.00976651337884
0.00153374233129 0.00976651337884
0.0015243902439 0.00976651337884
0.00151515151515 0.00976651337884
0.00150602409639 0.00976651337884
0.00149700598802 0.00976651337884
0.0014880952381 0.00976651337884
0.00147928994083 0.00976651337884
0.00147058823529 0.00976651337884
0.00146198830409 0.00976651337884
0.00145348837209 0.00976651337884
0.0014450867052 0.00976651337884
0.0014367816092 0.00976651337884
0.00142857142857 0.00976651337884
0.00142045454545 0.00976651337884
0.00141242937853 0.00976651337884
0.00140449438202 0.00976651337884
0.00139664804469 0.00976651337884
0.00138888888889 0.00976651337884
0.00138121546961 0.00976651337884
0.00137362637363 0.00976651337884
0.00136612021858 0.00976651337884
0.00135869565217 0.00976651337884
0.00135135135135 0.00976651337884
0.00133689839572 0.00976651337884
0.00132978723404 0.00976651337884
0.00132275132275 0.00976651337884
0.00131578947368 0.00976651337884
0.00130208333333 0.00976651337884
0.00129533678756 0.00976651337884
0.00128865979381 0.00976651337884
0.00128205128205 0.00976651337884
0.00127551020408 0.00976651337884
0.00123762376238 0.00976651337884
0.0012315270936 0.00976651337884
0.00122549019608 0.00976651337884
0.00121951219512 0.00976651337884
0.00121359223301 0.00976651337884
0.00120192307692 0.00976651337884
0.0011961722488 0.00976651337884
0.00117924528302 0.00976651337884
0.00115207373272 0.00976651337884
0.00108695652174 0.00976651337884
0.0 0.00976651337884
