1.0 0.0
1.0 0.0
0.9375 0.0181868675892
0.933333333333 0.0181868675892
0.928571428571 0.0182351662682
0.916666666667 0.0183317636263
0.909090909091 0.0186094810307
0.9 0.0191890651791
0.888888888889 0.019442633244
0.875 0.0205800671352
0.866666666667 0.0216426380738
0.857142857143 0.0216909367529
0.846153846154 0.0239488999976
0.833333333333 0.0244343017218
0.827586206897 0.028213673356
0.821428571429 0.0282619720351
0.818181818182 0.0283102707141
0.814814814815 0.0294494295581
0.8125 0.0296667736137
0.809523809524 0.0299807150274
0.8 0.0301325108758
0.789473684211 0.037053711581
0.785714285714 0.0373483335231
0.777777777778 0.0376550301349
0.769230769231 0.0392706209485
0.764705882353 0.0399311053843
0.761904761905 0.0403295694863
0.75 0.0403295694863
0.733333333333 0.0472142011916
0.727272727273 0.0482146738287
0.722222222222 0.0491685727395
0.72 0.0491685727395
0.717948717949 0.0493134687766
0.714285714286 0.0493134687766
0.705882352941 0.054381207674
0.7 0.0545261037111
0.695652173913 0.0569893363417
0.692307692308 0.0573081076233
0.6875 0.0581388449026
0.684210526316 0.0584527863163
0.681818181818 0.058718429051
0.678571428571 0.0592040032705
0.666666666667 0.0592040032705
0.647058823529 0.0736144316453
0.642857142857 0.0738197010312
0.64 0.0748339732908
0.636363636364 0.0748339732908
0.633333333333 0.0783644342327
0.631578947368 0.0783644342327
0.625 0.0787425438914
0.619047619048 0.0865432449653
0.615384615385 0.0865432449653
0.611111111111 0.0881183790008
0.608695652174 0.0887509501615
0.6 0.0888378877838
0.592592592593 0.0983791350125
0.590909090909 0.0983791350125
0.588235294118 0.0984878070403
0.583333333333 0.0989583741703
0.58064516129 0.101681039705
0.578947368421 0.10190976845
0.576923076923 0.101942887544
0.571428571429 0.102434765682
0.565217391304 0.112078631922
0.5625 0.112247677299
0.56 0.113501085518
0.558823529412 0.113754653583
0.555555555556 0.113851250941
0.551724137931 0.119943870558
0.55 0.120233662632
0.545454545455 0.120480330886
0.541666666667 0.124352656293
0.538461538462 0.124557925679
0.535714285714 0.127907534968
0.533333333333 0.128516098324
0.53125 0.131259980778
0.529411764706 0.132000202465
0.526315789474 0.132314143879
0.52380952381 0.133167157175
0.521739130435 0.13340865057
0.52 0.133750363724
0.518518518519 0.134281649193
0.509803921569 0.134536942211
0.5 0.1347530788
0.485714285714 0.159381300121
0.484848484848 0.159483934814
0.483870967742 0.159737502879
0.48275862069 0.159737502879
0.481481481481 0.159952432
0.48 0.160519941479
0.478260869565 0.160481820022
0.47619047619 0.160984126284
0.473684210526 0.16151843042
0.470588235294 0.162755106597
0.466666666667 0.163537142709
0.464285714286 0.1654935842
0.461538461538 0.1654935842
0.458333333333 0.169783534029
0.457142857143 0.169813720703
0.45652173913 0.169813720703
0.454545454545 0.170145433314
0.452380952381 0.175021515332
0.451612903226 0.175142262029
0.45 0.175551075848
0.448275862069 0.176706851738
0.444444444444 0.176851747775
0.441860465116 0.183392818536
0.441176470588 0.18363068953
0.44 0.18363068953
0.439024390244 0.183775585567
0.4375 0.183971195217
0.435897435897 0.185757733278
0.434782608696 0.185958172796
0.433333333333 0.186315583021
0.431818181818 0.1863638817
0.428571428571 0.186412180379
0.425 0.192983767585
0.424242424242 0.193032066264
0.423076923077 0.193350032567
0.421052631579 0.193604635604
0.41935483871 0.194649439529
0.416666666667 0.194719472613
0.414634146341 0.20011653114
0.413793103448 0.200305125982
0.411764705882 0.200681855678
0.410256410256 0.201975506057
0.409090909091 0.202023804736
0.408163265306 0.202317937941
0.407407407407 0.202317937941
0.40625 0.202552186534
0.405405405405 0.202565986157
0.4 0.202565986157
0.395348837209 0.212674209999
0.394736842105 0.212950547441
0.393939393939 0.213504868871
0.392857142857 0.214308236899
0.391304347826 0.214772366819
0.388888888889 0.214958301051
0.387755102041 0.215708385729
0.387096774194 0.215889505775
0.384615384615 0.216121339435
0.382352941176 0.218647275243
0.380952380952 0.218615259611
0.379310344828 0.21910812809
0.378378378378 0.219271034663
0.375 0.219296772775
0.372881355932 0.226068645112
0.372093023256 0.226195429145
0.371428571429 0.226476078969
0.37037037037 0.225900393159
0.369565217391 0.226043093802
0.368421052632 0.226315981338
0.366666666667 0.226262026905
0.363636363636 0.225420516144
0.361111111111 0.231231780074
0.36 0.230513273673
0.358974358974 0.231233740026
0.357142857143 0.231398968757
0.354838709677 0.231881041302
0.352941176471 0.232012764972
0.351351351351 0.231435906567
0.35 0.231435906567
0.347826086957 0.23284530594
0.346153846154 0.233980008656
0.344827586207 0.235119310421
0.34375 0.23540927499
0.342857142857 0.235511674462
0.342105263158 0.235511674462
0.341463414634 0.235888509802
0.340909090909 0.23597702961
0.34 0.235998039535
0.338461538462 0.235998039535
0.333333333333 0.23615984011
0.328125 0.242800449387
0.325581395349 0.243305860564
0.325 0.243305860564
0.324324324324 0.243277999963
0.323529411765 0.242986900385
0.322580645161 0.24270225322
0.322033898305 0.242822654927
0.321428571429 0.242830136722
0.32 0.242076299935
0.31914893617 0.242030488921
0.318181818182 0.242030488921
0.317073170732 0.242417589641
0.315789473684 0.242324158332
0.314285714286 0.243141933975
0.313725490196 0.243488051342
0.3125 0.243597205127
0.310344827586 0.243771378867
0.309523809524 0.244448932507
0.307692307692 0.244666276562
0.305555555556 0.246688974835
0.304347826087 0.246215541773
0.303571428571 0.247249098337
0.30303030303 0.247399012418
0.302325581395 0.247761548795
0.301886792453 0.247761548795
0.3 0.247809847475
0.297872340426 0.250037436837
0.297297297297 0.250122761258
0.296296296296 0.250267657295
0.295454545455 0.250168621621
0.294117647059 0.250163627476
0.292682926829 0.249820457174
0.291666666667 0.249819542426
0.290909090909 0.248604890754
0.290322580645 0.248748030475
0.289473684211 0.249006993426
0.288888888889 0.249387427348
0.288461538462 0.249270014128
0.28813559322 0.249517544859
0.285714285714 0.249517544859
0.282608695652 0.246423693729
0.282051282051 0.246006392024
0.28125 0.245882803419
0.28 0.246425501
0.279411764706 0.245078612314
0.279069767442 0.245229545686
0.277777777778 0.245368153486
0.276595744681 0.246107268414
0.275862068966 0.246068284481
0.275 0.245750666984
0.274193548387 0.24611265356
0.272727272727 0.246260999503
0.270833333333 0.246973573685
0.27027027027 0.246933727275
0.269841269841 0.246914602012
0.269230769231 0.246928401634
0.268292682927 0.24657733536
0.266666666667 0.246547957536
0.265306122449 0.245951498265
0.264705882353 0.245951498265
0.263157894737 0.246048093317
0.262295081967 0.246518854359
0.261904761905 0.246737923368
0.260869565217 0.246929959092
0.26 0.246785193959
0.259259259259 0.246787980421
0.258620689655 0.24564805097
0.258064516129 0.24560677168
0.257142857143 0.244840344913
0.25641025641 0.244956936787
0.255813953488 0.244931915172
0.255319148936 0.244691007477
0.255102040816 0.243515417277
0.254901960784 0.243515417277
0.254545454545 0.24364459653
0.254237288136 0.242993954504
0.253968253968 0.243187211946
0.25 0.243411260399
0.245901639344 0.230487545307
0.245762711864 0.230393078289
0.245614035088 0.230398094968
0.244897959184 0.230157175842
0.244444444444 0.2301660306
0.243902439024 0.2301660306
0.243243243243 0.229419967912
0.242857142857 0.228555026562
0.242424242424 0.228617511926
0.241935483871 0.228530845695
0.241379310345 0.228530845695
0.240740740741 0.227474094302
0.24 0.227484444019
0.239130434783 0.226636782368
0.238805970149 0.226687495981
0.238095238095 0.226634984384
0.237288135593 0.225354353188
0.236842105263 0.225475872488
0.236363636364 0.224852858496
0.236111111111 0.224738499632
0.235294117647 0.224870899479
0.234375 0.219696076488
0.234042553191 0.219741225524
0.233766233766 0.219812081279
0.233333333333 0.219799829611
0.232876712329 0.218583608153
0.232558139535 0.218686282287
0.232323232323 0.218754684508
0.232142857143 0.219033132844
0.231884057971 0.219123405481
0.230769230769 0.219114953212
0.229508196721 0.217464771778
0.229166666667 0.216888516162
0.228571428571 0.216888516162
0.228260869565 0.21620508114
0.228070175439 0.21620508114
0.227272727273 0.21620508114
0.22641509434 0.215668944115
0.225806451613 0.215711114423
0.225 0.214927170034
0.224489795918 0.213951738943
0.224137931034 0.213951738943
0.223880597015 0.21355602896
0.223684210526 0.21355602896
0.222222222222 0.213358942864
0.220779220779 0.205523844722
0.220588235294 0.205538003301
0.220338983051 0.205538003301
0.22 0.205538003301
0.219512195122 0.205165745304
0.219178082192 0.204940624558
0.21875 0.205113636372
0.218181818182 0.203870439281
0.217391304348 0.203870439281
0.216216216216 0.203218245229
0.21568627451 0.202690277213
0.215189873418 0.202313666988
0.214285714286 0.202313666988
0.213333333333 0.201409848466
0.213197969543 0.201409848466
0.212765957447 0.20161957515
0.212121212121 0.201665038383
0.211538461538 0.200869957295
0.211267605634 0.200899744886
0.210526315789 0.200670775002
0.209677419355 0.198822349958
0.209302325581 0.198928033811
0.208955223881 0.198147329587
0.208333333333 0.198164254705
0.207547169811 0.196690796471
0.206896551724 0.196777273823
0.206349206349 0.195715620018
0.205882352941 0.195768359646
0.205128205128 0.194104390354
0.204918032787 0.19394584598
0.204545454545 0.193980484923
0.204081632653 0.194034617794
0.203703703704 0.194034617794
0.203389830508 0.194034617794
0.203125 0.193328125732
0.202898550725 0.193328125732
0.20253164557 0.193334195287
0.201550387597 0.192658750184
0.201257861635 0.192658750184
0.2 0.192675745765
0.197183098592 0.173795116799
0.19696969697 0.173795116799
0.196721311475 0.173795116799
0.196428571429 0.173795116799
0.196078431373 0.173309483797
0.195652173913 0.173508968761
0.19512195122 0.172910093798
0.194444444444 0.172898819499
0.194029850746 0.172472192195
0.193548387097 0.172445433413
0.19298245614 0.172030454959
0.192307692308 0.171549608017
0.191780821918 0.1706391263
0.191489361702 0.1706391263
0.191256830601 0.170567949635
0.191176470588 0.170556294572
0.191011235955 0.170556294572
0.190476190476 0.170556294572
0.189655172414 0.169107376258
0.189189189189 0.168981912603
0.188679245283 0.16861606388
0.188405797101 0.16861606388
0.188235294118 0.1685789397
0.1875 0.168579316683
0.186046511628 0.168329951081
0.185714285714 0.168476417747
0.185185185185 0.168476417747
0.184615384615 0.166888421653
0.184210526316 0.166886378911
0.183673469388 0.166794926864
0.183333333333 0.166420490181
0.183098591549 0.166093997008
0.182926829268 0.166093997008
0.181818181818 0.166093997008
0.181034482759 0.161743451493
0.180555555556 0.161523349959
0.180327868852 0.161523349959
0.18 0.161524758242
0.179487179487 0.161765389004
0.179104477612 0.161620871456
0.178571428571 0.161620871456
0.178082191781 0.160811421449
0.177777777778 0.160811421449
0.177570093458 0.160484175582
0.177304964539 0.160484175582
0.176991150442 0.160484175582
0.176470588235 0.160484175582
0.175438596491 0.159935894517
0.175 0.15993602825
0.174603174603 0.159882188709
0.173913043478 0.159882188709
0.173469387755 0.160160857394
0.173333333333 0.160161643523
0.173076923077 0.160162036747
0.172839506173 0.1601902042
0.172413793103 0.1601902042
0.171875 0.158317455794
0.171428571429 0.15831771287
0.170731707317 0.157298609342
0.170454545455 0.157164600053
0.170212765957 0.157163352898
0.169811320755 0.156947421854
0.169491525424 0.156643720285
0.169230769231 0.156643720285
0.169014084507 0.156643848785
0.168831168831 0.156623014177
0.166666666667 0.156623946975
0.165517241379 0.125855835024
0.164556962025 0.125855835024
0.164383561644 0.125701626448
0.164179104478 0.125701626448
0.163636363636 0.125701732792
0.163265306122 0.125701124265
0.162790697674 0.125566704872
0.162162162162 0.125458989276
0.161764705882 0.125034703576
0.161290322581 0.125035234801
0.16091954023 0.125041726446
0.160714285714 0.125042044928
0.16049382716 0.124738727587
0.16 0.124739046132
0.159574468085 0.123602630665
0.159420289855 0.123603159213
0.159090909091 0.123603159213
0.15873015873 0.122559076417
0.157894736842 0.122559287777
0.157142857143 0.122266999035
0.156862745098 0.122266999035
0.15671641791 0.122050286536
0.156626506024 0.122050286536
0.15625 0.122050286536
0.155963302752 0.122197843312
0.155844155844 0.122197843312
0.155555555556 0.122197948759
0.155172413793 0.122172382798
0.154929577465 0.122172488247
0.154761904762 0.122172593703
0.153846153846 0.122172593703
0.152941176471 0.119884919173
0.152777777778 0.119884919173
0.152542372881 0.119885129133
0.152380952381 0.119885129133
0.152173913043 0.119913736292
0.152 0.11935409568
0.151898734177 0.11935409568
0.151515151515 0.11935409568
0.150943396226 0.11945017012
0.150684931507 0.11945017012
0.150537634409 0.11945185206
0.15 0.11945185206
0.149253731343 0.118700358621
0.148936170213 0.118424333538
0.148648648649 0.118424333538
0.148148148148 0.118424437416
0.147058823529 0.117645992476
0.146666666667 0.117458118962
0.146341463415 0.117449207814
0.145833333333 0.117648533254
0.145454545455 0.117562834536
0.145161290323 0.116994024274
0.145098039216 0.116994230871
0.144927536232 0.116917355501
0.144144144144 0.116917665619
0.142857142857 0.116917665619
0.142045454545 0.0808870030653
0.141732283465 0.0808874036008
0.141304347826 0.0808874036008
0.141025641026 0.0808874036008
0.140845070423 0.0808874036008
0.140625 0.0808874837219
0.140350877193 0.0808874837219
0.14 0.0808875638478
0.139534883721 0.0810959051944
0.138888888889 0.0812071748209
0.138461538462 0.0812255198712
0.13829787234 0.0812426647457
0.137931034483 0.0812426647457
0.137614678899 0.0815193381944
0.137254901961 0.0815678772766
0.13698630137 0.0815679574203
0.136842105263 0.0815679574203
0.136752136752 0.0815679574203
0.136363636364 0.0815679574203
0.135922330097 0.081397298665
0.135593220339 0.081397298665
0.135135135135 0.081397298665
0.134831460674 0.0811201217791
0.134615384615 0.0811201217791
0.134453781513 0.081098863821
0.134328358209 0.081098943752
0.133858267717 0.081098943752
0.133333333333 0.081098943752
0.132352941176 0.0797753844053
0.132075471698 0.0796470316467
0.131868131868 0.079647664004
0.131578947368 0.079647664004
0.131147540984 0.0795639312128
0.130952380952 0.0795639312128
0.130769230769 0.0795639312128
0.130434782609 0.0795643264583
0.13 0.0787832117454
0.12962962963 0.0787832117454
0.129032258065 0.0787832117454
0.128571428571 0.0787230713014
0.128205128205 0.0787234971798
0.128 0.0787244775086
0.127906976744 0.0787244775086
0.127659574468 0.0787248736924
0.127272727273 0.0786168357895
0.126984126984 0.0786171529586
0.12676056338 0.0785303003206
0.126582278481 0.0785304586146
0.126436781609 0.0785304586146
0.126213592233 0.0785304586146
0.126126126126 0.0785304586146
0.126050420168 0.0785304586146
0.125 0.0785304586146
0.124031007752 0.0532909096195
0.123711340206 0.0532909096195
0.123595505618 0.0532909096195
0.123529411765 0.0532910501607
0.123456790123 0.0532910501607
0.123287671233 0.0532612149018
0.123076923077 0.0532612149018
0.122950819672 0.0532612149018
0.122807017544 0.0532612149018
0.122448979592 0.0532614257939
0.122222222222 0.0531897513209
0.121951219512 0.0531897513209
0.121621621622 0.0531910180533
0.121212121212 0.0531910180533
0.120689655172 0.0531912155068
0.120567375887 0.0531912859026
0.120481927711 0.0531914267049
0.12 0.0531914267049
0.119565217391 0.053173797973
0.119402985075 0.053173797973
0.119047619048 0.053173797973
0.118881118881 0.0530661836998
0.118811881188 0.0530661836998
0.118644067797 0.0530661836998
0.118421052632 0.0530662542453
0.118055555556 0.0530662542453
0.117647058824 0.0530662542453
0.11724137931 0.0516854630118
0.116883116883 0.0516854630118
0.116666666667 0.0516854630118
0.116279069767 0.0516856750021
0.116071428571 0.0515782048557
0.115942028986 0.0515782048557
0.115853658537 0.0515782755865
0.115384615385 0.0515782755865
0.114754098361 0.0512203480705
0.114285714286 0.0512203480705
0.113924050633 0.0511082077476
0.113636363636 0.0511082077476
0.11320754717 0.0511089142012
0.112903225806 0.051109126206
0.112676056338 0.051109126206
0.1125 0.051109126206
0.112359550562 0.0511092675601
0.112 0.0511092675601
0.111111111111 0.0511092675601
0.110429447853 0.0331172121786
0.110091743119 0.0331172779244
0.11 0.0331172779244
0.10989010989 0.0331172779244
0.109756097561 0.0331172779244
0.109589041096 0.0331172779244
0.109375 0.0331172779244
0.109090909091 0.0331172779244
0.108910891089 0.0331172779244
0.108695652174 0.0331172779244
0.10843373494 0.0331172779244
0.108108108108 0.0331172779244
0.107843137255 0.0330697026522
0.107692307692 0.0330697026522
0.107142857143 0.0330697026522
0.106666666667 0.0326095650555
0.106557377049 0.0326096964275
0.106382978723 0.0326096964275
0.10625 0.0323932065877
0.106194690265 0.0323932065877
0.106060606061 0.0323932065877
0.105882352941 0.032393272318
0.105769230769 0.032393272318
0.105263157895 0.032393272318
0.104651162791 0.0322998336007
0.10447761194 0.0322998336007
0.104347826087 0.0322998336007
0.104166666667 0.0322998336007
0.103896103896 0.032251864351
0.103448275862 0.0322519961441
0.102941176471 0.0320135926926
0.102803738318 0.0320135926926
0.102564102564 0.0320135926926
0.102272727273 0.0320139879325
0.102040816327 0.0320139879325
0.101694915254 0.0318235782893
0.101449275362 0.0318237760002
0.101265822785 0.0318237760002
0.101123595506 0.0318237760002
0.10101010101 0.0318237760002
0.100961538462 0.0318237760002
0.1 0.0318240396573
0.0993788819876 0.0230455232505
0.0993377483444 0.0230455232505
0.0992907801418 0.0230455232505
0.0990990990991 0.0230455232505
0.0989010989011 0.0230455232505
0.0987654320988 0.0230455232505
0.0985915492958 0.0230455232505
0.0983606557377 0.0230455232505
0.0982142857143 0.0230460385928
0.0980392156863 0.0230460385928
0.0975609756098 0.0230460385928
0.0972222222222 0.0230462963332
0.0970873786408 0.0230462963332
0.0967741935484 0.0230462963332
0.0963855421687 0.0230471987885
0.0961538461538 0.0230471987885
0.096 0.0230173345567
0.0958904109589 0.0230173345567
0.095652173913 0.0230173345567
0.0952380952381 0.0230173345567
0.0947368421053 0.0226930830407
0.0945945945946 0.0226930830407
0.0943396226415 0.0226930830407
0.0941176470588 0.0226931476077
0.09375 0.0226931476077
0.0934579439252 0.0226939226368
0.0933333333333 0.0226939226368
0.093023255814 0.0226939226368
0.0925925925926 0.0226939226368
0.0923076923077 0.0226939872413
0.0921985815603 0.0226939872413
0.0921052631579 0.0226939872413
0.0919540229885 0.0226939872413
0.0918367346939 0.0226939872413
0.0917431192661 0.0226939872413
0.0915492957746 0.0226939872413
0.0909090909091 0.0226939872413
0.0901639344262 0.0174625647693
0.09 0.0174625647693
0.0898876404494 0.0174625647693
0.0897435897436 0.0174625647693
0.089552238806 0.0174625647693
0.0892857142857 0.0174625647693
0.0891089108911 0.0174625647693
0.0888888888889 0.0174625647693
0.0886075949367 0.0174626278328
0.0884955752212 0.0174626278328
0.0882352941176 0.0174626278328
0.088 0.0175233796206
0.0879120879121 0.0175233796206
0.0877192982456 0.0175234427035
0.0875 0.0175234427035
0.0873786407767 0.0175234427035
0.0873015873016 0.0175234427035
0.0869565217391 0.0175234427035
0.0866141732283 0.0175237581593
0.0864197530864 0.017523947466
0.0862068965517 0.017523947466
0.0860927152318 0.017523947466
0.0860215053763 0.017523947466
0.0857142857143 0.017523947466
0.0853658536585 0.0175241367976
0.0852713178295 0.0175241367976
0.085201793722 0.0175241367976
0.0851063829787 0.0175241367976
0.0847457627119 0.0174160960551
0.0845070422535 0.0174160960551
0.0843373493976 0.0174160960551
0.0842105263158 0.0174160960551
0.0838709677419 0.0174161591988
0.0833333333333 0.0174161591988
0.0826446280992 0.0138319759628
0.0824742268041 0.0138319759628
0.0823529411765 0.0138319759628
0.0821917808219 0.0138319759628
0.0819672131148 0.0138319759628
0.0818181818182 0.0138319759628
0.0816326530612 0.0138319759628
0.0813953488372 0.0138320385246
0.0810810810811 0.0138320385246
0.0808080808081 0.0138323513744
0.0806451612903 0.0138323513744
0.0804597701149 0.0138323513744
0.0803571428571 0.0138323513744
0.08 0.0138323513744
0.0796460176991 0.0136666983865
0.0795454545455 0.0136666983865
0.0794701986755 0.0136666983865
0.0793650793651 0.0136666983865
0.0792079207921 0.0136666983865
0.0789473684211 0.0136666983865
0.0786516853933 0.0136675114134
0.078431372549 0.0136675114134
0.078125 0.0136675114134
0.0780141843972 0.0136675114134
0.0779220779221 0.0136675114134
0.0777777777778 0.0136675114134
0.0776699029126 0.0136675114134
0.0774647887324 0.0136675114134
0.0769230769231 0.0136675114134
0.0764331210191 0.0123320269126
0.0763888888889 0.0123320269126
0.0762711864407 0.0123320269126
0.0761904761905 0.0123320269126
0.0760869565217 0.0123320269126
0.0759493670886 0.0123320269126
0.0757575757576 0.0123322138509
0.0754716981132 0.012332276169
0.0753424657534 0.012332276169
0.0752688172043 0.012332276169
0.075 0.012332276169
0.0747663551402 0.0123324631395
0.0746268656716 0.0123324631395
0.0744680851064 0.0123321944506
0.0740740740741 0.0123321944506
0.0737704918033 0.0123326306093
0.0736842105263 0.0123326306093
0.0735294117647 0.0123326306093
0.0734463276836 0.0123326306093
0.0733944954128 0.0123326306093
0.0733333333333 0.0123326306093
0.0731707317073 0.0123326306093
0.0729166666667 0.0123326929285
0.0728476821192 0.0123326929285
0.0727272727273 0.0123326929285
0.0724637681159 0.0123326929285
0.0722891566265 0.0123326929285
0.0722222222222 0.0123326929285
0.0721649484536 0.0123326929285
0.0720720720721 0.0123326929285
0.0714285714286 0.0123326929285
0.0710059171598 0.0116030233343
0.0709219858156 0.0116030233343
0.070796460177 0.0116030233343
0.0707070707071 0.0116030233343
0.0705882352941 0.0116030233343
0.0704225352113 0.0116030233343
0.0701754385965 0.0116030233343
0.0697674418605 0.0116030233343
0.0696202531646 0.0116030855159
0.0695652173913 0.0116030855159
0.0694444444444 0.0116030855159
0.0693641618497 0.0116030855159
0.0693069306931 0.0116030855159
0.0689655172414 0.0116030855159
0.0687022900763 0.011603209887
0.0686274509804 0.011603209887
0.0684931506849 0.011603209887
0.0683760683761 0.011603209887
0.0681818181818 0.011603209887
0.0679611650485 0.0116033342688
0.0677966101695 0.0116033342688
0.0675675675676 0.0116033342688
0.0674157303371 0.0116033342688
0.0673076923077 0.0116033342688
0.0671140939597 0.0116033342688
0.0666666666667 0.0116033342688
0.0661764705882 0.0114275141669
0.0661157024793 0.0114275141669
0.0660377358491 0.0114275141669
0.0659340659341 0.0114275141669
0.0657894736842 0.0114275141669
0.0655737704918 0.0114275141669
0.0654205607477 0.0114275141669
0.0653594771242 0.0114275141669
0.0652173913043 0.0114275141669
0.0649350649351 0.011427638243
0.0648148148148 0.0114277623298
0.0645161290323 0.0114277623298
0.0642201834862 0.0114277623298
0.0641025641026 0.0114277623298
0.063829787234 0.0114277623298
0.0636942675159 0.0114280105354
0.0636363636364 0.0114280105354
0.0634920634921 0.0114280105354
0.0632911392405 0.0114280105354
0.0631578947368 0.0114280105354
0.0630630630631 0.0114280105354
0.0629921259843 0.0114280105354
0.0629370629371 0.0114280105354
0.0625 0.0114280105354
0.062015503876 0.0107641562686
0.0619469026549 0.0107641562686
0.0618556701031 0.0107641562686
0.0617283950617 0.0107641562686
0.0616438356164 0.0107641562686
0.0615384615385 0.0107641562686
0.0614035087719 0.0107641562686
0.0612244897959 0.0107641562686
0.0610687022901 0.0107642182618
0.0609756097561 0.0107642182618
0.0608108108108 0.0107642182618
0.0606060606061 0.0107642182618
0.0604026845638 0.0107642182618
0.0603448275862 0.0107642182618
0.0602409638554 0.0107642182618
0.0601503759398 0.0107642182618
0.06 0.0107642182618
0.0597014925373 0.0107644042574
0.0596026490066 0.0107644042574
0.0595238095238 0.0107644042574
0.0594059405941 0.0107644042574
0.0593220338983 0.0107644042574
0.0592592592593 0.0107644042574
0.0591715976331 0.0107644042574
0.0588235294118 0.0107644042574
0.0584415584416 0.0106210409423
0.0583333333333 0.0106210409423
0.0582524271845 0.0106210409423
0.0581395348837 0.0106210409423
0.058064516129 0.0106210409423
0.0579710144928 0.0106210409423
0.0576923076923 0.0106210409423
0.0574712643678 0.0106211646926
0.0573770491803 0.0106211646926
0.0572916666667 0.0106211646926
0.0571428571429 0.0106211646926
0.0569620253165 0.0106211646926
0.0569105691057 0.0106211646926
0.0568181818182 0.0106211646926
0.0567375886525 0.0106211646926
0.0566037735849 0.0106211646926
0.0564971751412 0.0106211646926
0.0564516129032 0.0106211646926
0.056338028169 0.0106211646926
0.0561797752809 0.0106211646926
0.0560747663551 0.0106212265718
0.056 0.0106212265718
0.0559440559441 0.0106212265718
0.055900621118 0.0106212265718
0.0555555555556 0.0106212265718
0.0551724137931 0.0104035554421
0.0550458715596 0.0104035554421
0.0549450549451 0.0104035554421
0.0548780487805 0.0104035554421
0.0547945205479 0.0104035554421
0.0546875 0.0104035554421
0.0545454545455 0.0104035554421
0.054347826087 0.0104035554421
0.0542635658915 0.0104035554421
0.0542168674699 0.0104035554421
0.0540540540541 0.0104035554421
0.0538922155689 0.0104035554421
0.0538461538462 0.0104035554421
0.0537634408602 0.0104035554421
0.0535714285714 0.0104035554421
0.0533333333333 0.0104036172681
0.0531914893617 0.0104036172681
0.0530973451327 0.0104036172681
0.0530303030303 0.0104036172681
0.0529801324503 0.0104036172681
0.0526315789474 0.0104036172681
0.0523255813953 0.0103730209903
0.0522875816993 0.0103730209903
0.0522388059701 0.0103730209903
0.0521739130435 0.0103730209903
0.0520833333333 0.0103730209903
0.0519480519481 0.0103730209903
0.0518518518519 0.0103730209903
0.051724137931 0.0103730209903
0.0515463917526 0.0103730209903
0.0514705882353 0.0103730209903
0.0512820512821 0.0103730209903
0.0510204081633 0.0103730209903
0.0509554140127 0.0103730209903
0.0508474576271 0.0103730209903
0.0506329113924 0.0103730209903
0.0505617977528 0.0103730209903
0.0505050505051 0.0103730209903
0.0504201680672 0.0103730209903
0.0503144654088 0.0103730209903
0.05 0.0103730209903
0.0496453900709 0.0100585491877
0.049504950495 0.0100585491877
0.0493827160494 0.0100585491877
0.0491803278689 0.0100585491877
0.0490196078431 0.0100585491877
0.0487804878049 0.0100585491877
0.0486111111111 0.0100585491877
0.0485436893204 0.0100585491877
0.0483870967742 0.0100585491877
0.048275862069 0.0100585491877
0.0481927710843 0.0100585491877
0.0480769230769 0.0100585491877
0.048 0.0100585491877
0.0478723404255 0.0100585491877
0.047619047619 0.0100585491877
0.0472440944882 0.0100582833381
0.0471698113208 0.0100582833381
0.0471204188482 0.0100582833381
0.0470588235294 0.0100582833381
0.0469798657718 0.0100582833381
0.046875 0.0100582833381
0.046783625731 0.0100583450068
0.0467289719626 0.0100583450068
0.0466666666667 0.0100583450068
0.046511627907 0.0100583450068
0.046357615894 0.0100584066781
0.0462962962963 0.0100584066781
0.0462427745665 0.0100584066781
0.0461538461538 0.0100584066781
0.0460526315789 0.0100584066781
0.0459770114943 0.0100584066781
0.045871559633 0.0100584066781
0.0457516339869 0.0100584066781
0.0457142857143 0.0100584066781
0.0454545454545 0.0100584066781
0.0451612903226 0.0100258462952
0.0451127819549 0.0100258462952
0.045045045045 0.0100258462952
0.0449438202247 0.0100258462952
0.0448717948718 0.0100258462952
0.044776119403 0.0100258462952
0.0446428571429 0.0100258462952
0.0445859872611 0.0100258462952
0.0444444444444 0.0100258462952
0.0442477876106 0.0100258462952
0.0441176470588 0.0100258462952
0.0440251572327 0.0100258462952
0.043956043956 0.0100258462952
0.0438596491228 0.0100258462952
0.043795620438 0.0100258462952
0.04375 0.0100258462952
0.0434782608696 0.0100258462952
0.0432098765432 0.0100259078214
0.0431654676259 0.0100259078214
0.0431034482759 0.0100259078214
0.0430107526882 0.0100259078214
0.0429447852761 0.0100259078214
0.0428571428571 0.0100259078214
0.042735042735 0.0100259078214
0.0425531914894 0.0100259078214
0.0423728813559 0.0100259078214
0.042328042328 0.0100259078214
0.0422535211268 0.0100259078214
0.0421686746988 0.0100259078214
0.0421052631579 0.0100259078214
0.0420168067227 0.0100259078214
0.0419847328244 0.0100259078214
0.041958041958 0.0100259078214
0.0416666666667 0.0100259078214
0.0414201183432 0.0100253171458
0.0413793103448 0.0100253171458
0.0413223140496 0.0100253171458
0.0412371134021 0.0100253171458
0.041095890411 0.0100253171458
0.0409836065574 0.0100253171458
0.0408163265306 0.0100253171458
0.0406504065041 0.0100253171458
0.0405405405405 0.0100253171458
0.0404624277457 0.0100253171458
0.040404040404 0.0100253171458
0.0403225806452 0.0100253171458
0.0402684563758 0.0100253171458
0.04 0.0100253171458
0.0397350993377 0.0100251542506
0.039603960396 0.0100251542506
0.0395480225989 0.0100251542506
0.0394736842105 0.0100251542506
0.0393700787402 0.0100251542506
0.0392156862745 0.0100251542506
0.0390625 0.0100251542506
0.038961038961 0.0100251542506
0.0388349514563 0.0100251542506
0.0387596899225 0.0100251542506
0.0387096774194 0.0100251542506
0.0384615384615 0.0100251542506
0.0381679389313 0.0100251542506
0.0380952380952 0.0100251542506
0.0379746835443 0.0100251542506
0.0378787878788 0.0100251542506
0.0378378378378 0.0100251542506
0.0377358490566 0.0100251542506
0.0375939849624 0.0100251542506
0.0375 0.0100251542506
0.0373831775701 0.0100251542506
0.037037037037 0.0100251542506
0.0368098159509 0.00989796485323
0.0367647058824 0.00989796485323
0.0366972477064 0.00989796485323
0.0365853658537 0.00989796485323
0.036496350365 0.00989796485323
0.0363636363636 0.00989796485323
0.036231884058 0.00989796485323
0.0361445783133 0.00989796485323
0.036036036036 0.00989796485323
0.0359712230216 0.00989796485323
0.0359281437126 0.00989796485323
0.0357142857143 0.00989796485323
0.0355029585799 0.00981039862243
0.0354609929078 0.00981039862243
0.0353982300885 0.00981039862243
0.0352941176471 0.00981039862243
0.0352112676056 0.00981039862243
0.0350877192982 0.00981039862243
0.034965034965 0.00981039862243
0.0348837209302 0.00981039862243
0.0347826086957 0.00981039862243
0.0347222222222 0.00981039862243
0.0344827586207 0.00981039862243
0.0342465753425 0.0098102362425
0.034188034188 0.0098102362425
0.0340909090909 0.0098102362425
0.0340136054422 0.0098102362425
0.0338983050847 0.0098102362425
0.0337837837838 0.0098102362425
0.0337078651685 0.0098102362425
0.0336134453782 0.0098102362425
0.0335570469799 0.0098102362425
0.0335195530726 0.0098102362425
0.0333333333333 0.0098102362425
0.0331125827815 0.0098102362425
0.0330578512397 0.0098102362425
0.032967032967 0.0098102362425
0.0328947368421 0.0098102362425
0.0327868852459 0.0098102362425
0.0327102803738 0.0098102362425
0.0326797385621 0.0098102362425
0.0326086956522 0.0098102362425
0.0325203252033 0.0098102362425
0.0324675324675 0.0098102362425
0.0322580645161 0.0098102362425
0.0320855614973 0.0098102362425
0.0320512820513 0.0098102362425
0.032 0.0098102362425
0.031914893617 0.0098102362425
0.031847133758 0.0098102362425
0.031746031746 0.0098102362425
0.0315789473684 0.0098102362425
0.0314960629921 0.0098102362425
0.03125 0.0098102362425
0.031007751938 0.00981007392458
0.0309278350515 0.00981007392458
0.0307692307692 0.00981007392458
0.0306748466258 0.00981007392458
0.030612244898 0.00981007392458
0.030534351145 0.00981007392458
0.030487804878 0.00981007392458
0.030303030303 0.00981007392458
0.0300751879699 0.00980997295987
0.03 0.00980997295987
0.0299401197605 0.00980997295987
0.0298507462687 0.00980997295987
0.029702970297 0.00980997295987
0.0296296296296 0.00980997295987
0.0295857988166 0.00980997295987
0.0294117647059 0.00980997295987
0.0291262135922 0.00980997295987
0.0290697674419 0.00980997295987
0.0289855072464 0.00980997295987
0.0288461538462 0.00980997295987
0.0285714285714 0.00980997295987
0.0283687943262 0.00980997295987
0.0283018867925 0.00980997295987
0.0282485875706 0.00980997295987
0.0281690140845 0.00980997295987
0.0280898876404 0.00980997295987
0.0280373831776 0.00980997295987
0.027972027972 0.00980997295987
0.0277777777778 0.00980997295987
0.0276243093923 0.00981003425371
0.0275862068966 0.00981003425371
0.0275229357798 0.00981003425371
0.027397260274 0.00981003425371
0.0273224043716 0.00981003425371
0.0272727272727 0.00981003425371
0.0272108843537 0.00981003425371
0.027027027027 0.00981003425371
0.0268456375839 0.00981003425371
0.0267857142857 0.00981003425371
0.0266666666667 0.00981003425371
0.0265486725664 0.00981003425371
0.0264900662252 0.00981003425371
0.0263157894737 0.0097666753077
0.0261437908497 0.0097666753077
0.0260869565217 0.0097666753077
0.025974025974 0.0097666753077
0.0258620689655 0.0097666753077
0.0258064516129 0.0097666753077
0.025641025641 0.0097666753077
0.0254777070064 0.0097666753077
0.0254237288136 0.0097666753077
0.0253164556962 0.0097666753077
0.0252100840336 0.0097666753077
0.0251572327044 0.0097666753077
0.025 0.0097666753077
0.0248447204969 0.0097666753077
0.0247933884298 0.0097666753077
0.0246913580247 0.0097666753077
0.0245901639344 0.0097666753077
0.0245398773006 0.0097666753077
0.0243902439024 0.0097666753077
0.0241935483871 0.0097666753077
0.0240963855422 0.0097666753077
0.024 0.0097666753077
0.0239520958084 0.0097666753077
0.0238095238095 0.0097666753077
0.0236686390533 0.0097666753077
0.0236220472441 0.0097666753077
0.0235849056604 0.0097666753077
0.0235294117647 0.0097666753077
0.0234375 0.0097666753077
0.0233918128655 0.0097666753077
0.0232558139535 0.0097666753077
0.0230769230769 0.00976651337884
0.0229885057471 0.00976651337884
0.0229007633588 0.00976651337884
0.0228571428571 0.00976651337884
0.0227272727273 0.00976651337884
0.0225563909774 0.00976651337884
0.0224719101124 0.00976651337884
0.0223880597015 0.00976651337884
0.0222222222222 0.00976651337884
0.0220994475138 0.00976651337884
0.0220588235294 0.00976651337884
0.021978021978 0.00976651337884
0.021897810219 0.00976651337884
0.0217391304348 0.00976651337884
0.0215827338129 0.00976651337884
0.0215053763441 0.00976651337884
0.0214285714286 0.00976651337884
0.0212765957447 0.00976651337884
0.0211267605634 0.00976651337884
0.0210526315789 0.00976651337884
0.020979020979 0.00976651337884
0.0208333333333 0.00976651337884
0.0206896551724 0.00976651337884
0.020618556701 0.00976651337884
0.0205479452055 0.00976651337884
0.0204081632653 0.00976651337884
0.0202702702703 0.00976651337884
0.020202020202 0.00976651337884
0.0201342281879 0.00976651337884
0.02 0.00976651337884
0.0198675496689 0.00976651337884
0.019801980198 0.00976651337884
0.0197368421053 0.00976651337884
0.0196078431373 0.00976651337884
0.0194805194805 0.00976651337884
0.0194174757282 0.00976651337884
0.0193548387097 0.00976651337884
0.0192307692308 0.00976651337884
0.0191082802548 0.00976651337884
0.0190476190476 0.00976651337884
0.0189873417722 0.00976651337884
0.0188679245283 0.00976651337884
0.01875 0.00976651337884
0.018691588785 0.00976651337884
0.0186335403727 0.00976651337884
0.0186046511628 0.00976651337884
0.0185185185185 0.00976651337884
0.0184049079755 0.00976651337884
0.0183486238532 0.00976651337884
0.0182926829268 0.00976651337884
0.0182648401826 0.00976651337884
0.0181818181818 0.00976651337884
0.0180722891566 0.00976651337884
0.018018018018 0.00976651337884
0.0179640718563 0.00976651337884
0.0178571428571 0.00976651337884
0.0176991150442 0.00976651337884
0.0176470588235 0.00976651337884
0.0175438596491 0.00976651337884
0.0174418604651 0.00976651337884
0.0173913043478 0.00976651337884
0.0173410404624 0.00976651337884
0.0172413793103 0.00976651337884
0.0171428571429 0.00976651337884
0.017094017094 0.00976651337884
0.0170454545455 0.00976651337884
0.0169491525424 0.00976651337884
0.0168539325843 0.00976651337884
0.0168067226891 0.00976651337884
0.0166666666667 0.00976651337884
0.0165745856354 0.00976651337884
0.0165289256198 0.00976651337884
0.016393442623 0.00976651337884
0.0163043478261 0.00976651337884
0.0162601626016 0.00976651337884
0.0161290322581 0.00976651337884
0.0160427807487 0.00976651337884
0.016 0.00976651337884
0.015873015873 0.00976651337884
0.0157894736842 0.00976651337884
0.0157480314961 0.00976651337884
0.0157068062827 0.00976651337884
0.015625 0.00976651337884
0.015503875969 0.00976651337884
0.0153846153846 0.00976651337884
0.0152671755725 0.00976651337884
0.0151515151515 0.00976651337884
0.015037593985 0.00976651337884
0.0149253731343 0.00976651337884
0.0148148148148 0.00976651337884
0.0147058823529 0.00976651337884
0.0146341463415 0.00976651337884
0.014598540146 0.00976651337884
0.0144927536232 0.00976651337884
0.0143884892086 0.00976651337884
0.0142857142857 0.00976651337884
0.0141843971631 0.00976651337884
0.0140845070423 0.00976651337884
0.013986013986 0.00976651337884
0.0138888888889 0.00976651337884
0.0138248847926 0.00976651337884
0.0137931034483 0.00976651337884
0.013698630137 0.00976651337884
0.0136363636364 0.00976651337884
0.0136054421769 0.00976651337884
0.0135135135135 0.00976651337884
0.0134228187919 0.00976651337884
0.0133333333333 0.00976651337884
0.0132450331126 0.00976651337884
0.0132158590308 0.00976651337884
0.0131578947368 0.00976651337884
0.0130718954248 0.00976651337884
0.012987012987 0.00976651337884
0.0129310344828 0.00976651337884
0.0129032258065 0.00976651337884
0.0128205128205 0.00976651337884
0.0127388535032 0.00976651337884
0.0126582278481 0.00976651337884
0.0125786163522 0.00976651337884
0.0125 0.00976651337884
0.0124223602484 0.00976651337884
0.0123456790123 0.00976651337884
0.0122699386503 0.00976651337884
0.0121951219512 0.00976651337884
0.0121212121212 0.00976651337884
0.0120481927711 0.00976651337884
0.0119760479042 0.00976651337884
0.0119047619048 0.00976651337884
0.0118343195266 0.00976651337884
0.0117647058824 0.00976651337884
0.0116959064327 0.00976651337884
0.0116279069767 0.00976651337884
0.0115606936416 0.00976651337884
0.0114942528736 0.00976651337884
0.0114285714286 0.00976651337884
0.0113636363636 0.00976651337884
0.0112994350282 0.00976651337884
0.0112359550562 0.00976651337884
0.0111731843575 0.00976651337884
0.0111111111111 0.00976651337884
0.0110497237569 0.00976651337884
0.010989010989 0.00976651337884
0.0108695652174 0.00976651337884
0.010752688172 0.00976651337884
0.0106951871658 0.00976651337884
0.0106382978723 0.00976651337884
0.010582010582 0.00976651337884
0.0105263157895 0.00976651337884
0.0104712041885 0.00976651337884
0.0104166666667 0.00976651337884
0.0103092783505 0.00976651337884
0.0102564102564 0.00976651337884
0.0102040816327 0.00976651337884
0.010101010101 0.00976651337884
0.01 0.00976651337884
0.00990099009901 0.00976651337884
0.00980392156863 0.00976651337884
0.00970873786408 0.00976651337884
0.00961538461538 0.00976651337884
0.00952380952381 0.00976651337884
0.00943396226415 0.00976651337884
0.00934579439252 0.00976651337884
0.00925925925926 0.00976651337884
0.00917431192661 0.00976651337884
0.00909090909091 0.00976651337884
0.00904977375566 0.00976651337884
0.00900900900901 0.00976651337884
0.00896860986547 0.00976651337884
0.00892857142857 0.00976651337884
0.00884955752212 0.00976651337884
0.00877192982456 0.00976651337884
0.00869565217391 0.00976651337884
0.00862068965517 0.00976651337884
0.00854700854701 0.00976651337884
0.00847457627119 0.00976651337884
0.00840336134454 0.00976651337884
0.00833333333333 0.00976651337884
0.00826446280992 0.00976651337884
0.00819672131148 0.00976651337884
0.00813008130081 0.00976651337884
0.00806451612903 0.00976651337884
0.008 0.00976651337884
0.00793650793651 0.00976651337884
0.00787401574803 0.00976651337884
0.0078125 0.00976651337884
0.0077519379845 0.00976651337884
0.00769230769231 0.00976651337884
0.00766283524904 0.00976651337884
0.00763358778626 0.00976651337884
0.00757575757576 0.00976651337884
0.00751879699248 0.00976651337884
0.00746268656716 0.00976651337884
0.00740740740741 0.00976651337884
0.00735294117647 0.00976651337884
0.00729927007299 0.00976651337884
0.00724637681159 0.00976651337884
0.00719424460432 0.00976651337884
0.00714285714286 0.00976651337884
0.00709219858156 0.00976651337884
0.00704225352113 0.00976651337884
0.00699300699301 0.00976651337884
0.00694444444444 0.00976651337884
0.00689655172414 0.00976651337884
0.00684931506849 0.00976651337884
0.00680272108844 0.00976651337884
0.00675675675676 0.00976651337884
0.00671140939597 0.00976651337884
0.00666666666667 0.00976651337884
0.00662251655629 0.00976651337884
0.00657894736842 0.00976651337884
0.00653594771242 0.00976651337884
0.00649350649351 0.00976651337884
0.00645161290323 0.00976651337884
0.00641025641026 0.00976651337884
0.00636942675159 0.00976651337884
0.00632911392405 0.00976651337884
0.0062893081761 0.00976651337884
0.00625 0.00976651337884
0.00621118012422 0.00976651337884
0.00617283950617 0.00976651337884
0.00613496932515 0.00976651337884
0.00609756097561 0.00976651337884
0.00606060606061 0.00976651337884
0.00602409638554 0.00976651337884
0.0059880239521 0.00976651337884
0.00595238095238 0.00976651337884
0.00591715976331 0.00976651337884
0.00588235294118 0.00976651337884
0.00584795321637 0.00976651337884
0.00581395348837 0.00976651337884
0.00578034682081 0.00976651337884
0.00574712643678 0.00976651337884
0.00571428571429 0.00976651337884
0.00568181818182 0.00976651337884
0.00564971751412 0.00976651337884
0.00561797752809 0.00976651337884
0.00558659217877 0.00976651337884
0.00555555555556 0.00976651337884
0.00552486187845 0.00976651337884
0.00549450549451 0.00976651337884
0.00546448087432 0.00976651337884
0.0054347826087 0.00976651337884
0.00540540540541 0.00976651337884
0.00534759358289 0.00976651337884
0.00531914893617 0.00976651337884
0.00529100529101 0.00976651337884
0.00526315789474 0.00976651337884
0.00520833333333 0.00976651337884
0.00518134715026 0.00976651337884
0.00515463917526 0.00976651337884
0.00512820512821 0.00976651337884
0.00510204081633 0.00976651337884
0.0049504950495 0.00976651337884
0.00492610837438 0.00976651337884
0.00490196078431 0.00976651337884
0.00487804878049 0.00976651337884
0.00485436893204 0.00976651337884
0.00480769230769 0.00976651337884
0.00478468899522 0.00976651337884
0.00471698113208 0.00976651337884
0.00460829493088 0.00976651337884
0.00434782608696 0.00976651337884
0.0 0.00976651337884
